A = 
17.000000   24.000000   1.000000   8.000000   15.000000   
23.000000   5.000000   7.000000   14.000000   16.000000   
4.000000   6.000000   13.000000   20.000000   22.000000   
10.000000   12.000000   19.000000   21.000000   3.000000   
11.000000   18.000000   25.000000   2.000000   9.000000   
B = 
3.000000   3.000000   3.000000   3.000000   3.000000   
3.000000   3.000000   3.000000   3.000000   3.000000   
3.000000   3.000000   3.000000   3.000000   3.000000   
3.000000   3.000000   3.000000   3.000000   3.000000   
3.000000   3.000000   3.000000   3.000000   3.000000   
A+B = 
20.000000   27.000000   4.000000   11.000000   18.000000   
26.000000   8.000000   10.000000   17.000000   19.000000   
7.000000   9.000000   16.000000   23.000000   25.000000   
13.000000   15.000000   22.000000   24.000000   6.000000   
14.000000   21.000000   28.000000   5.000000   12.000000   
A*B = 
195.000000   195.000000   195.000000   195.000000   195.000000   
195.000000   195.000000   195.000000   195.000000   195.000000   
195.000000   195.000000   195.000000   195.000000   195.000000   
195.000000   195.000000   195.000000   195.000000   195.000000   
195.000000   195.000000   195.000000   195.000000   195.000000   
A = 
17.000000   24.000000   1.000000   8.000000   15.000000   
23.000000   5.000000   7.000000   14.000000   16.000000   
4.000000   6.000000   13.000000   20.000000   22.000000   
10.000000   12.000000   19.000000   21.000000   3.000000   
11.000000   18.000000   25.000000   2.000000   9.000000   
B = 
3.000000   3.000000   3.000000   3.000000   3.000000   
3.000000   3.000000   3.000000   3.000000   3.000000   
3.000000   3.000000   3.000000   3.000000   3.000000   
3.000000   3.000000   3.000000   3.000000   3.000000   
3.000000   3.000000   3.000000   3.000000   3.000000   
A*0.1 = 
1.700000   2.400000   0.100000   0.800000   1.500000   
2.300000   0.500000   0.700000   1.400000   1.600000   
0.400000   0.600000   1.300000   2.000000   2.200000   
1.000000   1.200000   1.900000   2.100000   0.300000   
1.100000   1.800000   2.500000   0.200000   0.900000   
A-B = 
14.000000   21.000000   -2.000000   5.000000   12.000000   
20.000000   2.000000   4.000000   11.000000   13.000000   
1.000000   3.000000   10.000000   17.000000   19.000000   
7.000000   9.000000   16.000000   18.000000   0.000000   
8.000000   15.000000   22.000000   -1.000000   6.000000   
A_transpose = 
17.000000   23.000000   4.000000   10.000000   11.000000   
24.000000   5.000000   6.000000   12.000000   18.000000   
1.000000   7.000000   13.000000   19.000000   25.000000   
8.000000   14.000000   20.000000   21.000000   2.000000   
15.000000   16.000000   22.000000   3.000000   9.000000   
A_inverse = 
-0.004936   0.051154   -0.035385   0.001154   0.003397   
0.043141   -0.037308   -0.004615   0.012692   0.001474   
-0.030256   0.003077   0.003077   0.003077   0.036410   
0.004679   -0.006538   0.010769   0.043462   -0.036987   
0.002756   0.005000   0.041538   -0.045000   0.011090   
